X(mm)	Y(mm)	Z(mm)	Rx(rad)	Ry(rad)	Rz(rad)	Distance(mm)
116.006	-361.013	201.999	2.34	2.00	-0.22	-38.0
116.005	-361.011	201.995	2.34	2.00	-0.22	-38.0
115.995	-361.019	202.015	2.34	2.00	-0.22	-38.0
115.996	-361.009	201.999	2.34	2.00	-0.22	-38.0
115.999	-361.009	201.990	2.34	2.00	-0.22	-38.0
115.996	-361.010	202.001	2.34	2.00	-0.22	-38.0
116.006	-361.004	201.995	2.34	2.00	-0.22	-38.0
116.000	-361.012	201.995	2.34	2.00	-0.22	-38.0
116.000	-361.004	201.993	2.34	2.00	-0.22	-38.0
116.011	-361.004	202.000	2.34	2.00	-0.22	-38.0
115.999	-361.007	201.986	2.34	2.00	-0.22	-38.0
115.999	-361.012	201.989	2.34	2.00	-0.22	-38.0
116.001	-361.007	201.993	2.34	2.00	-0.22	-38.0
116.006	-361.015	202.001	2.34	2.00	-0.22	-38.0
116.001	-361.010	201.997	2.34	2.00	-0.22	-38.0
115.999	-361.009	201.985	2.34	2.00	-0.22	-38.0
115.992	-361.018	201.989	2.34	2.00	-0.22	-38.0
115.997	-361.014	201.986	2.34	2.00	-0.22	-38.0
115.996	-361.015	201.993	2.34	2.00	-0.22	-38.0
115.996	-361.015	202.014	2.34	2.00	-0.22	-38.0
115.997	-361.013	201.995	2.34	2.00	-0.22	-38.0
116.006	-360.998	201.981	2.34	2.00	-0.22	-38.0
116.001	-361.017	201.998	2.34	2.00	-0.22	-38.0
115.999	-361.011	202.005	2.34	2.00	-0.22	-38.0
116.008	-361.009	202.006	2.34	2.00	-0.22	-38.0
115.987	-361.013	201.986	2.34	2.00	-0.22	-38.0
115.992	-361.019	202.001	2.34	2.00	-0.22	-38.0
115.993	-361.008	201.979	2.34	2.00	-0.22	-38.0
115.999	-361.010	202.008	2.34	2.00	-0.22	-38.0
115.995	-361.007	201.986	2.34	2.00	-0.22	-38.0
116.001	-361.013	201.997	2.34	2.00	-0.22	-38.0
116.001	-361.012	201.989	2.34	2.00	-0.22	-38.0
115.994	-361.010	201.990	2.34	2.00	-0.22	-40.0
115.997	-361.014	202.001	2.34	2.00	-0.22	-39.0
116.013	-361.008	201.989	2.34	2.00	-0.22	-40.0
116.002	-361.011	202.014	2.34	2.00	-0.22	-39.0
116.006	-361.005	201.988	2.34	2.00	-0.22	-39.0
115.987	-361.015	201.989	2.34	2.00	-0.22	-38.0
116.010	-361.013	201.996	2.34	2.00	-0.22	-37.0
116.003	-361.014	201.994	2.34	2.00	-0.22	-38.0
116.001	-361.009	201.991	2.34	2.00	-0.22	-39.0
116.002	-361.012	201.993	2.34	2.00	-0.22	-39.0
115.990	-361.010	201.988	2.34	2.00	-0.22	-39.0
115.997	-361.015	201.998	2.34	2.00	-0.22	-38.0
115.992	-361.008	201.992	2.34	2.00	-0.22	-40.0
115.996	-360.933	201.999	2.34	2.00	-0.22	-39.0
115.968	-360.193	202.023	2.34	2.00	-0.22	-39.0
115.951	-358.236	201.960	2.34	2.00	-0.22	-39.0
115.947	-355.279	201.961	2.34	2.00	-0.22	-40.0
115.967	-351.188	202.036	2.34	2.00	-0.22	-38.0
115.963	-346.732	201.974	2.34	2.00	-0.22	-40.0
115.972	-343.740	202.051	2.34	2.00	-0.22	-39.0
115.960	-341.731	202.043	2.34	2.00	-0.22	-39.0
115.977	-340.981	201.986	2.34	2.00	-0.22	-39.0
115.999	-341.373	202.005	2.34	2.00	-0.22	-39.0
116.039	-342.915	202.047	2.34	2.00	-0.22	-39.0
116.034	-345.774	201.996	2.34	2.00	-0.22	-39.0
116.053	-348.609	202.082	2.34	2.00	-0.22	-39.0
116.041	-350.334	201.995	2.34	2.00	-0.22	-39.0
116.017	-351.009	201.981	2.34	2.00	-0.22	-39.0
116.031	-351.457	201.938	2.34	2.00	-0.22	-39.0
116.009	-353.259	202.002	2.34	2.00	-0.22	-39.0
115.989	-356.001	202.022	2.34	2.00	-0.22	-38.0
116.006	-358.942	202.027	2.34	2.00	-0.22	-38.0
115.989	-360.544	201.994	2.34	2.00	-0.22	-38.0
116.001	-361.014	201.990	2.34	2.00	-0.22	-38.0
116.006	-361.019	202.005	2.34	2.00	-0.22	-38.0
116.005	-361.018	202.015	2.34	2.00	-0.22	-38.0
116.001	-361.011	201.999	2.34	2.00	-0.22	-39.0
116.005	-361.009	202.002	2.34	2.00	-0.22	-39.0
115.996	-360.997	201.987	2.34	2.00	-0.22	-38.0
116.002	-360.996	201.984	2.34	2.00	-0.22	-39.0
115.992	-360.993	201.980	2.34	2.00	-0.22	-39.0
115.992	-360.998	201.987	2.34	2.00	-0.22	-39.0
115.994	-360.996	201.987	2.34	2.00	-0.22	-39.0
116.001	-361.003	201.993	2.34	2.00	-0.22	-39.0
115.990	-361.005	201.991	2.34	2.00	-0.22	-39.0
116.004	-361.008	201.991	2.34	2.00	-0.22	-39.0
116.000	-361.002	201.990	2.34	2.00	-0.22	-39.0
115.990	-361.008	202.000	2.34	2.00	-0.22	-39.0
115.992	-361.012	202.010	2.34	2.00	-0.22	-39.0
115.994	-361.011	201.990	2.34	2.00	-0.22	-39.0
115.998	-361.005	202.005	2.34	2.00	-0.22	-39.0
116.004	-361.005	201.990	2.34	2.00	-0.22	-39.0
115.996	-361.010	201.999	2.34	2.00	-0.22	-39.0
115.995	-361.010	201.999	2.34	2.00	-0.22	-39.0
116.006	-361.003	201.988	2.34	2.00	-0.22	-39.0
115.991	-361.007	201.993	2.34	2.00	-0.22	-39.0
115.997	-361.005	201.997	2.34	2.00	-0.22	-39.0
116.002	-361.006	201.995	2.34	2.00	-0.22	-39.0
116.007	-361.008	201.997	2.34	2.00	-0.22	-39.0
116.003	-361.016	202.011	2.34	2.00	-0.22	-39.0
115.999	-361.010	202.007	2.34	2.00	-0.22	-39.0
115.991	-361.010	202.009	2.34	2.00	-0.22	-39.0
116.001	-361.005	201.993	2.34	2.00	-0.22	-39.0
115.999	-361.007	202.003	2.34	2.00	-0.22	-39.0
115.997	-361.011	202.001	2.34	2.00	-0.22	-39.0
115.998	-361.015	202.004	2.34	2.00	-0.22	-39.0
115.986	-361.015	201.998	2.34	2.00	-0.22	-39.0
115.999	-361.007	201.986	2.34	2.00	-0.22	-39.0
115.977	-361.012	201.994	2.34	2.00	-0.22	-39.0
115.991	-361.013	202.011	2.34	2.00	-0.22	-39.0
116.000	-361.005	201.994	2.34	2.00	-0.22	-39.0
116.001	-361.010	202.001	2.34	2.00	-0.22	-39.0
115.993	-361.012	202.008	2.34	2.00	-0.22	-39.0
115.999	-361.010	201.997	2.34	2.00	-0.22	-39.0
115.991	-361.012	201.996	2.34	2.00	-0.22	-39.0
115.998	-361.008	201.991	2.34	2.00	-0.22	-39.0
115.982	-361.017	201.994	2.34	2.00	-0.22	-39.0
115.994	-361.008	201.992	2.34	2.00	-0.22	-39.0
115.994	-361.012	201.990	2.34	2.00	-0.22	-39.0
116.005	-361.007	202.000	2.34	2.00	-0.22	-39.0
115.996	-361.009	202.009	2.34	2.00	-0.22	-39.0
115.992	-361.012	201.996	2.34	2.00	-0.22	-39.0
115.993	-361.012	202.001	2.34	2.00	-0.22	-39.0
115.987	-361.008	201.992	2.34	2.00	-0.22	-39.0
115.993	-361.000	202.000	2.34	2.00	-0.22	-39.0
115.990	-361.014	202.004	2.34	2.00	-0.22	-39.0
115.972	-361.017	202.009	2.34	2.00	-0.22	-39.0
115.982	-361.011	201.984	2.34	2.00	-0.22	-39.0
115.979	-361.013	202.001	2.34	2.00	-0.22	-39.0
115.978	-361.012	201.989	2.34	2.00	-0.22	-39.0
115.991	-361.004	201.988	2.34	2.00	-0.22	-39.0
115.981	-361.010	201.988	2.34	2.00	-0.22	-39.0
115.978	-361.013	201.996	2.34	2.00	-0.22	-39.0
115.979	-361.009	201.979	2.34	2.00	-0.22	-39.0
115.982	-361.010	201.987	2.34	2.00	-0.22	-39.0
115.993	-361.016	201.990	2.34	2.00	-0.22	-39.0
115.971	-361.018	201.999	2.34	2.00	-0.22	-39.0
115.987	-361.008	201.998	2.34	2.00	-0.22	-39.0
115.971	-361.012	201.990	2.34	2.00	-0.22	-39.0
115.972	-361.014	202.001	2.34	2.00	-0.22	-39.0
115.989	-361.013	202.006	2.34	2.00	-0.22	-39.0
115.964	-361.020	201.995	2.34	2.00	-0.22	-39.0
115.984	-361.016	202.008	2.34	2.00	-0.22	-39.0
115.972	-361.017	202.009	2.34	2.00	-0.22	-39.0
115.983	-361.017	201.993	2.34	2.00	-0.22	-39.0
115.985	-361.014	202.005	2.34	2.00	-0.22	-39.0
115.978	-361.012	201.994	2.34	2.00	-0.22	-39.0
115.980	-361.021	201.994	2.34	2.00	-0.22	-39.0
115.986	-361.007	201.979	2.34	2.00	-0.22	-39.0
115.989	-361.008	201.992	2.34	2.00	-0.22	-39.0
115.979	-361.014	201.991	2.34	2.00	-0.22	-39.0
115.965	-361.018	201.997	2.34	2.00	-0.22	-39.0
115.987	-361.011	201.991	2.34	2.00	-0.22	-39.0
115.983	-361.017	202.009	2.34	2.00	-0.22	-39.0
115.982	-361.019	202.007	2.34	2.00	-0.22	-39.0
115.987	-361.009	201.989	2.34	2.00	-0.22	-39.0
115.975	-361.015	201.997	2.34	2.00	-0.22	-39.0
115.968	-361.021	201.998	2.34	2.00	-0.22	-39.0
115.968	-361.017	201.993	2.34	2.00	-0.22	-39.0
115.974	-361.023	202.015	2.34	2.00	-0.22	-39.0
115.974	-361.020	201.999	2.34	2.00	-0.22	-39.0
115.975	-361.012	201.992	2.34	2.00	-0.22	-39.0
115.984	-361.009	201.992	2.34	2.00	-0.22	-39.0
115.982	-361.012	201.997	2.34	2.00	-0.22	-39.0
115.972	-361.020	202.005	2.34	2.00	-0.22	-39.0
115.983	-361.012	202.007	2.34	2.00	-0.22	-39.0
115.982	-361.015	201.996	2.34	2.00	-0.22	-39.0
115.994	-361.013	202.007	2.34	2.00	-0.22	-39.0
115.974	-361.008	201.991	2.34	2.00	-0.22	-39.0
115.970	-361.011	201.989	2.34	2.00	-0.22	-39.0
115.980	-361.017	202.001	2.34	2.00	-0.22	-39.0
115.976	-361.014	201.993	2.34	2.00	-0.22	-39.0
115.982	-361.014	201.988	2.34	2.00	-0.22	-39.0
115.969	-361.021	201.999	2.34	2.00	-0.22	-39.0
115.974	-361.017	202.006	2.34	2.00	-0.22	-39.0
115.966	-361.021	201.997	2.34	2.00	-0.22	-39.0
115.969	-361.014	201.982	2.34	2.00	-0.22	-39.0
115.976	-361.010	201.997	2.34	2.00	-0.22	-39.0
115.972	-361.010	201.994	2.34	2.00	-0.22	-39.0
115.972	-361.017	201.999	2.34	2.00	-0.22	-39.0
115.971	-361.009	201.991	2.34	2.00	-0.22	-39.0
115.979	-361.014	202.000	2.34	2.00	-0.22	-39.0
115.984	-361.018	202.016	2.34	2.00	-0.22	-39.0
115.977	-361.014	202.003	2.34	2.00	-0.22	-39.0
115.980	-361.012	201.982	2.34	2.00	-0.22	-39.0
115.970	-361.012	201.989	2.34	2.00	-0.22	-39.0
115.986	-361.009	201.998	2.34	2.00	-0.22	-39.0
115.984	-361.010	201.989	2.34	2.00	-0.22	-39.0
115.982	-361.007	201.995	2.34	2.00	-0.22	-39.0
115.985	-361.012	201.994	2.34	2.00	-0.22	-39.0
115.985	-361.012	201.997	2.34	2.00	-0.22	-39.0
115.983	-361.012	201.997	2.34	2.00	-0.22	-39.0
115.985	-361.013	201.992	2.34	2.00	-0.22	-39.0
115.978	-361.013	202.001	2.34	2.00	-0.22	-39.0
115.962	-361.017	201.998	2.34	2.00	-0.22	-39.0
115.972	-361.015	201.987	2.34	2.00	-0.22	-39.0
115.978	-361.011	201.993	2.34	2.00	-0.22	-39.0
115.971	-361.017	201.992	2.34	2.00	-0.22	-39.0
115.969	-361.017	201.998	2.34	2.00	-0.22	-39.0
115.974	-361.010	201.978	2.34	2.00	-0.22	-39.0
115.991	-361.013	202.008	2.34	2.00	-0.22	-39.0
115.982	-361.013	201.988	2.34	2.00	-0.22	-39.0
115.972	-361.015	201.992	2.34	2.00	-0.22	-39.0
115.988	-361.014	201.997	2.34	2.00	-0.22	-39.0
115.985	-361.007	201.979	2.34	2.00	-0.22	-39.0
115.972	-361.025	202.013	2.34	2.00	-0.22	-39.0
115.981	-361.022	202.017	2.34	2.00	-0.22	-39.0
115.972	-361.010	201.984	2.34	2.00	-0.22	-39.0
115.983	-361.013	202.004	2.34	2.00	-0.22	-39.0
115.980	-361.014	201.997	2.34	2.00	-0.22	-39.0
115.973	-361.011	201.996	2.34	2.00	-0.22	-39.0
115.972	-361.017	201.992	2.34	2.00	-0.22	-39.0
115.984	-361.014	202.000	2.34	2.00	-0.22	-39.0
115.979	-361.013	202.000	2.34	2.00	-0.22	-39.0
115.983	-361.014	201.998	2.34	2.00	-0.22	-39.0
115.975	-361.016	201.988	2.34	2.00	-0.22	-39.0
115.982	-361.011	201.995	2.34	2.00	-0.22	-39.0
115.980	-361.010	201.991	2.34	2.00	-0.22	-39.0
115.976	-361.011	201.982	2.34	2.00	-0.22	-39.0
115.993	-361.014	202.003	2.34	2.00	-0.22	-39.0
115.977	-361.022	202.007	2.34	2.00	-0.22	-39.0
115.984	-361.010	201.993	2.34	2.00	-0.22	-39.0
115.992	-361.015	201.989	2.34	2.00	-0.22	-39.0
115.976	-361.015	201.988	2.34	2.00	-0.22	-39.0
115.974	-361.013	201.993	2.34	2.00	-0.22	-39.0
115.985	-361.015	201.996	2.34	2.00	-0.22	-39.0
115.972	-361.017	202.000	2.34	2.00	-0.22	-39.0
115.975	-361.020	202.016	2.34	2.00	-0.22	-39.0
115.962	-361.017	201.987	2.34	2.00	-0.22	-39.0
115.969	-361.016	201.985	2.34	2.00	-0.22	-39.0
115.977	-361.013	201.999	2.34	2.00	-0.22	-39.0
115.992	-361.007	201.987	2.34	2.00	-0.22	-39.0
115.983	-361.014	202.010	2.34	2.00	-0.22	-39.0
115.965	-361.018	201.997	2.34	2.00	-0.22	-39.0
115.975	-361.020	201.994	2.34	2.00	-0.22	-39.0
115.964	-361.026	202.004	2.34	2.00	-0.22	-39.0
115.984	-361.014	202.005	2.34	2.00	-0.22	-39.0
115.982	-361.015	201.996	2.34	2.00	-0.22	-39.0
115.982	-361.012	201.997	2.34	2.00	-0.22	-39.0
115.977	-361.014	201.990	2.34	2.00	-0.22	-39.0
115.975	-361.019	202.003	2.34	2.00	-0.22	-39.0
115.982	-361.015	202.007	2.34	2.00	-0.22	-39.0
115.990	-361.008	202.000	2.34	2.00	-0.22	-39.0
115.978	-361.015	201.994	2.34	2.00	-0.22	-39.0
115.977	-361.012	201.994	2.34	2.00	-0.22	-39.0
115.984	-361.014	201.994	2.34	2.00	-0.22	-39.0
115.981	-361.014	202.006	2.34	2.00	-0.22	-39.0
115.960	-361.022	202.000	2.34	2.00	-0.22	-39.0
115.975	-361.017	201.999	2.34	2.00	-0.22	-39.0
115.979	-361.010	202.001	2.34	2.00	-0.22	-39.0
115.964	-361.023	202.002	2.34	2.00	-0.22	-39.0
115.977	-361.014	202.003	2.34	2.00	-0.22	-39.0
115.972	-361.012	201.982	2.34	2.00	-0.22	-39.0
115.983	-361.010	201.998	2.34	2.00	-0.22	-40.0
115.972	-361.012	201.993	2.34	2.00	-0.22	-39.0
115.974	-361.007	201.984	2.34	2.00	-0.22	-40.0
115.975	-361.014	201.989	2.34	2.00	-0.22	-38.0
115.973	-361.012	202.002	2.34	2.00	-0.22	-39.0
115.972	-361.014	201.995	2.34	2.00	-0.22	-38.0
115.984	-361.017	201.995	2.34	2.00	-0.22	-37.0
115.986	-361.005	201.988	2.34	2.00	-0.22	-38.0
115.972	-361.015	202.013	2.34	2.00	-0.22	-38.0
115.991	-361.010	201.993	2.34	2.00	-0.22	-39.0
115.976	-361.017	202.007	2.34	2.00	-0.22	-39.0
115.971	-361.011	201.990	2.34	2.00	-0.22	-38.0
115.982	-361.012	201.996	2.34	2.00	-0.22	-39.0
115.963	-360.988	202.018	2.34	2.00	-0.22	-39.0
115.968	-360.294	202.029	2.34	2.00	-0.22	-39.0
115.927	-358.244	201.965	2.34	2.00	-0.22	-39.0
115.964	-355.283	201.987	2.34	2.00	-0.22	-40.0
115.942	-350.870	202.071	2.34	2.00	-0.22	-39.0
115.968	-346.726	201.952	2.34	2.00	-0.22	-40.0
115.937	-343.765	202.039	2.34	2.00	-0.22	-39.0
115.965	-341.731	202.030	2.34	2.00	-0.22	-39.0
115.984	-340.985	201.981	2.34	2.00	-0.22	-39.0
115.988	-341.375	201.990	2.34	2.00	-0.22	-39.0
116.008	-342.924	202.064	2.34	2.00	-0.22	-39.0
116.020	-345.767	202.011	2.34	2.00	-0.22	-39.0
116.018	-348.611	202.076	2.34	2.00	-0.22	-39.0
116.035	-350.426	202.004	2.34	2.00	-0.22	-39.0
115.993	-351.008	201.977	2.34	2.00	-0.22	-39.0
116.029	-351.532	201.939	2.34	2.00	-0.22	-39.0
116.020	-353.237	201.999	2.34	2.00	-0.22	-39.0
116.022	-356.219	202.038	2.34	2.00	-0.22	-39.0
116.003	-358.941	202.070	2.34	2.00	-0.22	-39.0
116.008	-360.614	202.012	2.34	2.00	-0.22	-39.0
115.995	-361.024	201.988	2.34	2.00	-0.22	-39.0
115.983	-361.024	202.003	2.34	2.00	-0.22	-39.0
115.991	-361.018	202.014	2.34	2.00	-0.22	-39.0
115.988	-361.019	202.016	2.34	2.00	-0.22	-39.0
115.995	-361.014	202.000	2.34	2.00	-0.22	-39.0
115.980	-361.013	201.993	2.34	2.00	-0.22	-39.0
115.984	-361.005	201.978	2.34	2.00	-0.22	-39.0
115.995	-361.000	201.986	2.34	2.00	-0.22	-39.0
115.995	-360.998	201.978	2.34	2.00	-0.22	-39.0
115.981	-361.001	201.991	2.34	2.00	-0.22	-39.0
115.992	-360.998	201.970	2.34	2.00	-0.22	-39.0
115.984	-361.006	201.993	2.34	2.00	-0.22	-39.0
115.993	-360.998	201.988	2.34	2.00	-0.22	-39.0
115.982	-361.003	201.983	2.34	2.00	-0.22	-39.0
116.000	-361.000	201.993	2.34	2.00	-0.22	-39.0
115.993	-361.006	201.992	2.34	2.00	-0.22	-39.0
116.000	-360.999	201.985	2.34	2.00	-0.22	-39.0
115.991	-361.008	201.996	2.34	2.00	-0.22	-39.0
115.992	-361.003	201.998	2.34	2.00	-0.22	-39.0
115.994	-361.000	201.986	2.34	2.00	-0.22	-39.0
115.971	-361.009	201.989	2.34	2.00	-0.22	-39.0
115.991	-361.003	201.982	2.34	2.00	-0.22	-39.0
115.988	-361.006	201.984	2.34	2.00	-0.22	-39.0
115.986	-361.000	201.981	2.34	2.00	-0.22	-39.0
115.990	-360.999	201.988	2.34	2.00	-0.22	-39.0
115.993	-361.006	201.992	2.34	2.00	-0.22	-39.0
115.996	-361.005	201.998	2.34	2.00	-0.22	-39.0
115.996	-361.008	201.987	2.34	2.00	-0.22	-39.0
115.999	-361.003	201.991	2.34	2.00	-0.22	-39.0
115.985	-360.999	201.980	2.34	2.00	-0.22	-39.0
115.997	-360.995	201.982	2.34	2.00	-0.22	-39.0
115.992	-361.003	201.996	2.34	2.00	-0.22	-39.0
115.987	-361.010	202.012	2.34	2.00	-0.22	-39.0
115.992	-361.000	201.989	2.34	2.00	-0.22	-39.0
115.996	-361.004	201.992	2.34	2.00	-0.22	-39.0
115.990	-361.003	201.993	2.34	2.00	-0.22	-39.0
115.996	-360.999	201.993	2.34	2.00	-0.22	-39.0
115.992	-361.011	202.016	2.34	2.00	-0.22	-39.0
115.993	-361.005	201.995	2.34	2.00	-0.22	-39.0
115.995	-361.000	201.986	2.34	2.00	-0.22	-39.0
115.992	-361.001	201.984	2.34	2.00	-0.22	-39.0
115.980	-361.003	201.982	2.34	2.00	-0.22	-39.0
115.982	-361.007	201.994	2.34	2.00	-0.22	-39.0
115.973	-361.010	201.994	2.34	2.00	-0.22	-39.0
115.989	-361.006	201.986	2.34	2.00	-0.22	-39.0
115.996	-361.000	201.985	2.34	2.00	-0.22	-39.0
115.992	-361.002	201.975	2.34	2.00	-0.22	-39.0
115.996	-361.007	201.997	2.34	2.00	-0.22	-39.0
115.989	-361.007	201.994	2.34	2.00	-0.22	-39.0
115.988	-360.998	201.985	2.34	2.00	-0.22	-38.0
115.987	-361.010	201.997	2.34	2.00	-0.22	-39.0
115.991	-361.002	201.986	2.34	2.00	-0.22	-39.0
115.984	-361.009	202.003	2.34	2.00	-0.22	-39.0
116.001	-360.995	201.980	2.34	2.00	-0.22	-39.0
115.997	-361.001	201.981	2.34	2.00	-0.22	-39.0
115.989	-361.001	201.990	2.34	2.00	-0.22	-39.0
115.978	-361.003	201.992	2.34	2.00	-0.22	-39.0
115.983	-361.007	201.994	2.34	2.00	-0.22	-39.0
115.990	-361.003	201.982	2.34	2.00	-0.22	-39.0
115.993	-361.001	201.990	2.34	2.00	-0.22	-39.0
115.979	-361.011	202.004	2.34	2.00	-0.22	-39.0

